1000 1000
1 2 92950793 82047 3985
967 888 63877380 1096 97726
386 400 51028810 55164 95890
856 477 87781555 38988 4917
308 321 46129558 48814 70675
368 942 26818753 74540 90908
585 907 5668308 55674 297
154 408 23344588 53532 31161
709 588 23919125 6406 337
190 492 61646886 12278 13304
315 88 40879334 28232 63060
220 655 19346842 9461 91837
559 418 11044731 55275 11129
237 139 32824000 34645 92876
889 791 7447034 41980 39673
413 974 23789517 10858 80003
45 960 80164427 96060 76575
609 990 56255610 49589 25305
196 493 71088428 98762 33462
221 346 9160627 63161 37819
888 427 89077401 22423 79693
859 428 58885968 9170 25059
594 521 91405404 66330 49966
635 87 4080720 75157 32376
67 924 5436055 6795 57354
440 28 4969931 23856 12731
631 477 10999720 43544 90188
566 731 98096007 58821 50317
532 607 76431709 60063 72259
436 647 17669545 87648 25170
357 304 96775964 19230 9787
694 97 19938638 60706 70972
891 603 86245340 67596 78500
537 5 19861114 43873 55830
386 647 58567412 76634 17464
504 383 97719827 93609 89274
444 752 90940316 37332 11630
526 342 84940283 18624 20875
531 85 24076958 63456 11108
608 890 49068568 31351 76215
955 646 48531956 43819 18639
444 489 86113147 71646 62034
90 112 57558929 46166 54545
39 580 62897788 48193 16053
755 794 29136926 50761 23800
193 809 6667329 19587 97479
576 584 95002166 10004 87874
892 215 16695250 64613 18035
117 366 40237509 8981 68377
547 986 21274958 91900 66517
744 379 47476833 10627 88379
446 669 72821581 28565 59369
371 796 7353450 99274 77603
8 889 86412498 69760 88500
466 372 8302161 99722 86983
1 680 65488007 41182 47637
389 453 2675984 42529 10581
44 557 61128705 73884 25692
727 714 50376453 89277 77939
495 762 66704471 97812 11708
870 568 12015127 97033 83997
63 279 40962999 62681 91911
416 712 97087476 43548 63539
902 872 14271594 20060 62093
776 247 36945222 34110 45639
171 746 9797792 89027 8210
782 849 45087739 60533 35448
760 590 61156996 84318 45699
883 494 62285065 56217 72167
547 785 44635262 91191 8659
999 728 55840668 14283 83764
726 418 27317069 31471 58170
690 864 21085873 50676 42505
240 758 79191191 38588 31806
481 279 15803618 39541 28546
244 643 95692374 18634 90952
569 194 70423845 65158 33190
522 25 2227293 79853 10782
689 776 79149395 70947 94654
299 996 55444727 65609 94535
225 982 17062159 94107 95697
176 55 26820845 54601 77519
604 317 43335256 84278 62614
273 515 88840051 17430 82007
182 98 3131481 1018 96745
889 50 67020694 97663 22027
85 359 73318319 60215 45138
913 4 51007973 14447 50465
569 643 20693383 34019 32748
615 592 68792411 16644 65223
769 396 39626417 69213 23768
949 136 51151549 4144 31241
322 949 20734124 48935 44468
821 18 78851538 54080 4548
514 446 49136493 65989 50538
742 944 79932511 43773 9032
934 379 75892233 80380 80424
596 325 74834792 47648 51560
481 425 17601758 28056 87768
874 490 60628164 71769 14003
584 196 6333772 6391 93987
521 151 64659228 58379 31234
673 398 21951577 24083 38638
34 347 55204202 55845 6682
582 476 66193516 78610 19003
962 536 91451752 64567 15347
53 16 19636259 52772 14768
74 555 98128273 16287 15660
164 79 71840074 44627 51012
606 884 12191555 29026 6235
144 68 18508663 76868 89768
519 845 22875658 42838 36830
697 945 21788626 75301 51984
761 881 23747818 93970 2716
562 891 16699117 42525 32690
568 827 39168152 62136 96516
829 814 95509455 18312 67043
736 820 68101801 33006 3470
121 284 83823598 90136 44995
989 34 85945042 52856 97546
878 162 35337528 5801 44412
442 327 91439832 49456 71024
665 832 25803535 76925 41057
56 871 97230032 11698 50832
756 110 3386354 44110 12979
972 941 93311965 98376 69304
703 372 6410595 44346 54299
541 787 60140940 94702 63122
879 123 81354823 97761 23125
913 677 72506599 68579 79672
530 755 50355420 90705 12362
853 176 76416598 45934 60607
365 402 73007466 95513 87880
610 968 63413815 77727 89851
227 102 82825914 42447 72710
937 297 31220016 54970 55259
641 597 16117464 41791 36906
81 237 99433979 90931 79079
136 551 5383835 67656 82229
912 148 30486206 77988 48723
550 879 98829093 1916 35133
535 748 97001318 69515 27327
952 908 45742452 73318 55825
994 390 88168318 89327 38600
728 913 90412708 8146 3335
573 10 19832839 2069 79228
191 953 77022629 81658 42606
301 681 85851567 87180 89707
844 486 48854051 6534 45699
596 111 34378427 26407 58019
436 416 5421301 25970 24418
710 659 11918135 12922 7797
736 557 83437119 10613 25657
55 657 27743659 70914 13030
524 46 10130569 46894 71065
602 205 61878653 69916 31483
805 179 24130573 59473 86824
819 591 228785 94454 79248
400 874 67439633 24237 16845
862 327 32515170 40018 76351
165 689 64331662 82136 37855
112 860 71318311 57502 74114
754 556 80091226 67035 53511
686 956 62775230 81914 18897
752 222 41644982 79088 39997
46 202 4286284 63917 25176
420 172 88445587 34102 20513
796 25 3977955 52982 93337
603 602 64386622 92194 21926
885 49 81203975 3260 41505
595 197 79609122 21099 17442
614 942 66156495 21490 91359
381 35 22734510 90689 86899
583 561 108864 12687 21465
827 388 31807547 26178 29653
429 193 56747835 65767 68558
354 957 24373858 74828 39023
845 372 70760599 34566 87716
751 435 40066070 37294 44326
381 73 44028078 60653 30479
407 102 47688015 29242 1629
885 211 68364430 15440 97432
503 892 72649109 49718 60722
350 527 79691519 27368 29269
349 876 9331916 20669 30276
352 727 88632528 5193 7856
15 194 2628928 46877 24339
920 716 48864574 7808 53007
667 608 41955149 11080 81662
250 510 80413268 50984 30271
862 58 73075683 90088 46405
470 154 96179492 87626 48863
408 127 92542529 559 18639
325 51 14453686 72937 48228
339 237 45086321 18546 32426
264 831 69636005 33354 58024
288 264 25990127 67709 51983
77 56 25872832 43993 28429
679 950 77395509 63614 75359
747 587 77305634 39249 60530
248 291 1933260 34731 14180
412 154 82900892 73920 9888
821 228 10694135 66278 95458
815 624 32826876 27737 43438
351 878 615450 69645 33807
305 649 92114628 89308 99718
73 130 98156824 9025 68616
929 142 88441566 1977 34269
239 985 84659791 79452 90028
781 837 32109327 74275 66450
290 338 90863706 3226 69636
209 825 21823227 9965 61951
104 800 90292512 31252 28159
7 496 98848225 73795 31072
601 782 11153313 57933 87038
690 243 34272226 54544 6758
411 238 48897356 80607 37785
518 95 90909520 20764 38207
661 759 17306942 51738 99534
708 81 4330810 49116 44660
487 166 36065651 88073 74436
417 908 9430688 18133 94659
101 389 28922487 7309 19461
418 293 70213852 23972 95949
306 155 55550842 79055 44388
996 437 30444118 24652 96083
223 396 22452456 27003 41845
998 912 55042689 59634 7915
577 899 46331057 39840 10447
653 992 67807282 42848 65481
589 746 64087029 50368 93805
606 639 70265742 86095 37967
713 524 36348944 43468 68760
227 980 97567094 28952 33844
997 789 79492155 63237 81146
449 831 12666332 51327 71594
249 532 38220969 80177 67087
983 937 57627236 8019 41383
181 996 52038620 88529 64826
467 96 96782080 62012 15601
399 883 53901393 54368 44246
184 250 28511156 52951 55984
416 906 30514319 64977 28879
256 359 80591752 53893 59007
232 102 64464449 98014 10173
188 10 83830341 48135 46854
909 418 54413801 69901 7906
510 487 85588029 61441 11742
607 165 39902553 53236 87522
660 788 12602501 52498 89948
110 635 8084602 41124 71264
101 810 63780930 89807 62183
415 648 48926892 9376 63733
951 477 60280500 59149 22527
669 157 77425141 21306 16913
726 257 16276664 62578 25075
263 844 39742083 10458 19386
364 875 59977023 25812 35843
888 901 44795216 26886 55382
179 860 23197621 16811 2673
323 556 82452863 80425 2441
372 492 46605225 4172 61701
579 299 43566605 13664 29973
762 36 26950002 99627 44695
153 887 3138038 11604 25086
760 899 22342049 67330 81879
949 875 39373631 93697 43690
163 310 68110943 93406 94739
600 949 40401827 4104 29383
32 865 43254639 9281 13780
242 224 86774005 76418 34472
385 595 53512073 33356 85469
266 934 38983413 68307 27501
28 941 53397033 67118 60754
751 982 72766966 85733 99185
760 147 32630526 2879 69456
959 730 73675421 17462 35541
575 460 83372480 81545 32396
462 674 59522648 13439 1950
126 224 44913750 53454 99039
718 981 5373780 63688 96039
270 950 90223427 19465 73396
175 106 31411267 34877 39897
284 314 71827980 94465 8779
280 597 82843459 78216 55724
37 670 84898850 6547 36077
259 433 30607091 96659 12994
218 894 62170611 39817 35609
647 734 73170110 95818 4596
425 10 70380519 78090 56485
24 8 98896884 20165 82334
361 462 11004505 78127 45345
298 359 48243604 43123 69883
676 7 7898973 46063 77754
817 632 36487611 88750 25093
67 728 76679754 89833 76683
947 536 95978078 97819 52211
846 899 93122873 45764 75917
939 811 93039196 44696 83389
988 370 17076699 82317 58706
962 490 25352279 67823 91450
618 323 49051193 40746 8394
592 880 55330787 29948 89701
795 776 59896830 55723 29971
548 992 48341298 68478 48002
747 212 24848673 9784 70868
856 790 74284255 10453 52088
847 844 37774730 27210 12531
692 556 847424 41604 43912
785 830 58960644 14208 59332
727 429 21079206 26539 99319
481 828 60323827 81785 95555
651 628 64656334 6214 93820
899 695 31040618 34355 7623
520 609 72715997 8 16977
464 362 95206562 93220 95807
207 160 57176057 59292 69862
306 394 33688583 12900 8694
549 318 99274758 72357 57211
718 977 42699056 91302 89732
836 48 35928057 29576 62913
137 375 86478170 25028 2951
1000 606 24419513 43820 73510
558 439 60354177 18100 80879
820 488 75505040 40438 72568
155 510 66803560 15258 6270
338 446 75764847 13054 90152
221 379 42275589 97269 17702
883 552 32149191 89985 54212
463 808 36081825 97101 55552
770 681 20519956 83463 86547
42 615 27328024 74671 48788
793 525 59751153 22004 36402
298 852 97368960 62363 89228
981 647 79881851 40488 48237
64 803 35107100 84928 99181
485 357 5437109 91408 70497
439 969 72382084 65681 51478
878 61 47147765 31102 19470
152 902 7065830 95839 69989
13 5 85329140 46729 83672
221 806 24857945 99828 93790
554 913 63548994 78010 56722
192 907 51485642 99898 37733
207 730 31343568 11759 88861
694 940 41716732 81578 80485
361 914 28831584 16501 45587
243 2 61534288 66123 66034
681 851 3731447 68078 57114
691 896 26686230 6856 31361
790 499 43703275 16841 26457
684 817 70552099 57654 99407
462 494 27395969 65511 40706
300 606 79117328 97090 77339
600 450 15347278 21124 70035
957 636 89127117 21629 68355
316 26 82024904 43267 8871
936 391 58793165 23984 65357
367 482 40168557 33380 26759
768 241 96127717 92356 27425
224 253 24699343 23958 42826
826 618 19387441 80809 98564
149 854 23860196 41695 32240
435 328 9896879 67118 4936
201 500 27541932 41961 59700
50 887 85829917 8507 17742
14 590 70786200 75893 21398
967 485 6246811 17846 33827
881 43 35540742 64074 82789
45 791 5115067 29643 27215
914 606 50221746 73661 11213
885 530 549393 16287 26233
39 683 2819647 49995 48070
279 591 28741595 91995 607
565 369 37136076 2120 68726
555 766 79133896 24657 19981
367 720 12536483 42990 1636
72 711 80294783 91020 91213
630 132 6213651 77755 74215
626 730 20301436 79500 97458
421 246 48012202 66898 85238
946 129 69664526 8009 10357
132 516 48178109 44589 79818
529 669 48333759 33269 25881
974 265 78994085 49707 32079
617 7 6293366 92003 90617
832 914 67915765 77706 69367
199 453 78888675 193 55558
434 59 44195985 83960 61826
742 936 32531002 74600 87290
434 522 65265926 46902 18330
227 412 1529171 75068 6213
432 543 61014856 43624 8107
284 74 72997756 34638 65221
482 383 32688585 10304 37042
378 482 79561957 69140 84980
513 856 46544155 26485 62949
563 542 39331144 42047 13713
293 8 93270123 60926 89185
421 401 55393412 59626 50628
588 133 76159799 65115 35109
313 275 14953074 33435 83304
234 70 49472718 12216 40263
92 721 34234291 56631 65452
653 701 30110449 8547 63344
267 895 30026898 71506 33036
365 593 90518547 26453 94983
739 5 85073676 69558 56244
338 333 7732279 45831 65720
572 403 93470117 36054 94772
31 442 70070915 70300 51017
613 747 80143562 33673 56410
856 590 50824120 85344 68380
107 502 1916667 44261 90718
45 946 18038036 36991 20524
96 433 27756095 10086 49893
240 350 55826230 54807 42128
386 381 28072837 17992 12729
16 754 50495519 72212 76111
269 194 6414879 42538 70215
978 552 4380678 58215 27838
543 444 11720544 37995 76484
919 693 97062425 12617 64642
387 563 19835059 39393 34025
357 374 11536424 50121 81692
344 499 11802399 57552 51547
356 864 34401499 45689 23809
772 274 52500212 53112 87339
938 49 97884492 63233 7264
212 360 42668129 75815 91576
630 956 75511844 52612 85012
817 133 76072417 61724 39765
842 39 9620593 94811 39602
533 904 34003525 66390 72737
224 556 45523268 61027 54400
519 287 87901617 93655 80621
970 525 11286894 65024 19089
857 943 10344690 29644 79904
442 493 2951618 57265 57247
742 77 78716647 19350 53093
925 987 97529340 30477 75364
207 862 65784417 10221 58047
964 845 75310690 70305 24663
40 463 11737382 16162 41976
667 974 27965044 53140 93070
167 790 10296535 88363 52224
975 757 72257008 261 20562
261 80 73532774 82266 34340
137 666 83044114 67363 13946
379 679 51592510 97806 26773
867 374 13663035 8270 73883
373 381 30217377 29453 25982
464 988 38507588 94324 16701
926 755 85659944 60239 10737
456 655 5753313 2127 28981
932 515 87529844 37810 88452
535 893 10276343 21205 70161
362 2 38430834 32015 39335
182 210 59372464 59447 17248
934 57 20172415 50826 75922
147 932 42194807 5650 67421
280 781 96284122 68825 49843
100 288 53811229 1134 28285
590 173 17009817 67635 56960
552 968 62842191 32455 52102
865 995 83848824 34740 74941
940 669 48120272 28617 59516
337 960 44207503 96200 67639
707 958 93987694 83376 15525
831 465 29868843 52331 83164
540 260 35403843 18674 35066
190 836 38415096 950 30903
837 282 78134332 53152 15392
526 284 71486612 73439 44964
183 136 27277162 63565 80619
668 287 14244157 24588 69190
72 499 98599778 90491 57521
767 747 69533141 67732 28240
582 619 81423992 1599 21436
988 818 63208172 68215 80822
280 665 2932412 54439 52898
874 188 93146058 97636 33121
624 528 45908153 35857 33427
84 391 23934395 48628 70010
138 827 93005322 82874 48496
660 457 41846206 3430 92685
44 477 38574774 53406 99817
903 15 78051493 48529 39022
824 875 99835603 19567 86997
308 412 81634020 36826 42622
92 668 73130817 30082 33800
735 986 69877102 8994 47074
636 526 14133944 27552 98711
795 934 34837256 20914 68037
356 439 90877818 83359 39139
734 291 29213665 29680 2485
918 687 23427786 49736 79059
381 219 72266528 77284 69329
620 763 51148030 32941 135
581 172 19490723 15033 50542
18 472 4607750 44227 16356
573 819 8534199 23284 24605
352 410 11424312 40722 67594
544 358 66159274 67871 13157
440 938 57022387 57764 76461
247 694 29486292 57071 63481
399 249 93533239 44891 53179
635 669 43901319 17299 69439
925 371 63878789 88968 48295
630 466 10917287 11312 10790
446 939 63381398 92967 6288
307 950 1036438 16783 75528
834 606 51791717 94286 74121
702 745 87382578 96413 98192
919 284 5862558 82100 17953
35 772 54052612 33154 57822
855 643 42010354 54592 18230
237 206 25968632 94264 64158
830 389 16841222 74012 87280
356 179 99642361 95913 15600
929 425 22308395 13640 26018
545 83 59812732 2919 45491
333 944 30310183 42823 66104
382 137 9662663 30517 82389
628 206 98018546 43778 83520
540 26 682428 78609 44740
289 864 65622850 28470 64457
264 175 36861951 53755 92641
750 148 288775 12702 91693
673 114 96022750 11939 49242
362 471 5877977 33002 26453
246 948 3244200 90616 36850
663 954 9412846 68532 41245
112 492 46155239 87706 66024
278 658 64541496 89723 88234
336 428 80376499 92310 86673
500 585 92475701 16612 37437
260 831 7017669 28104 55505
619 410 25842845 41675 38206
97 132 60989828 65620 84100
500 308 16976393 4877 22582
367 568 56971541 77878 59025
111 641 7201933 36585 28731
742 67 75716596 24072 23091
12 133 20938655 21419 90580
278 98 78282153 66753 61268
344 691 23355898 30803 35731
217 678 73601472 1002 35592
240 928 76298682 37939 68596
699 591 96205554 78135 53843
95 887 25749514 46351 33080
757 803 80311770 87664 8748
668 503 33556205 58857 35194
207 263 9864931 15007 32102
595 154 6262560 779 77427
683 121 71925340 16186 12017
682 145 5782776 13495 1479
190 71 3785976 30788 51574
394 996 43959998 15144 77806
742 88 47042571 29283 40686
431 872 70725014 1430 2459
237 599 92619816 33442 44304
100 716 72163841 78248 94205
48 801 46678841 27914 4473
788 900 77568390 83746 34443
192 379 25633385 2147 29328
241 203 34822079 53715 12432
193 489 40701041 73492 29991
808 914 76510805 33422 71934
34 616 11218487 5061 5522
27 956 52521381 75626 58982
739 320 84812984 49365 11484
813 667 38178309 71881 41863
56 585 29882773 40957 58609
316 148 99152928 10750 33426
38 923 37314177 98917 54346
564 188 21549563 48531 21951
937 278 95310354 81494 34960
22 342 38439782 9329 96926
191 165 50703145 50824 5148
368 585 99475060 43514 69600
17 153 89953886 4638 2933
575 341 21930077 90400 68309
372 402 20497027 23770 88437
922 782 24191579 58360 20186
128 688 91073902 75095 82291
226 387 41868846 93579 10556
532 622 28034176 19777 40839
363 162 89352549 44048 67032
211 472 4991385 49594 26973
685 748 39164137 55883 73225
612 582 7060393 37425 3359
407 658 57524055 97596 44164
778 570 2109979 51228 40756
220 231 43854979 91990 31904
285 364 49931755 81353 23482
23 302 29806224 82593 13640
815 862 55294183 1853 50783
714 698 89345560 70119 93730
11 820 3426766 51617 65334
755 280 60305107 88879 64324
787 492 40346041 87745 70819
827 11 9555715 54329 85622
265 776 63792075 72506 89465
768 207 4330416 15357 71832
129 221 45355945 46527 8979
507 77 16652470 74772 33457
306 819 98204895 96898 57663
234 293 67376434 57374 19971
959 337 14966411 32839 11310
772 793 58706879 7920 19291
776 354 83894779 13389 69815
191 397 33894733 92270 83841
630 866 21628960 6490 67801
536 518 25571867 85283 82321
17 475 94411857 45863 84998
536 435 2443371 50436 87649
909 286 13270367 14 31797
531 830 67358354 91302 75615
169 965 34826596 59849 73140
871 334 46304272 16689 46639
457 128 63993038 89649 42743
176 295 5873832 6018 2666
551 564 30459562 75452 67111
940 486 51808785 78921 57117
767 921 21030634 60812 46573
617 204 67760053 1732 22661
915 769 53331265 6839 19959
13 967 83220070 44531 99050
795 489 13058926 21225 83112
324 739 15987276 73148 5370
715 122 98404474 59310 26955
433 931 50788531 6410 65912
450 148 77522809 53127 8790
901 869 5629987 64006 88927
348 667 45446075 44688 1704
862 938 47877409 56984 99280
405 220 86649659 68903 17147
10 170 20638778 90163 70914
132 426 66144672 32239 59744
211 190 20831556 71335 25270
271 482 22067373 35467 63774
750 493 61738877 31946 30250
142 845 28815432 90884 11321
614 284 50813201 53888 5216
438 219 91833900 69146 11593
360 307 30224808 56145 79610
470 792 41876896 73953 35753
950 751 1957750 75517 91181
348 72 85508862 9436 54957
916 523 5196549 44091 69119
262 896 45971243 23202 19595
850 742 66221537 10709 83618
455 651 90442259 11071 60383
17 92 90567166 54762 64421
236 621 7898228 64576 17630
619 971 66919347 33182 45789
25 524 98919196 72337 39695
591 574 50767430 14555 29095
502 142 40638341 59311 80938
471 675 75717956 18210 61964
770 422 43898877 48879 21684
833 502 10273168 36436 82081
123 650 73662472 71067 10534
959 424 56011345 9879 48312
154 309 13091637 34352 66307
517 797 57659557 6688 24849
909 890 98980616 32366 98743
614 653 60134610 79780 61045
378 175 5991421 15236 38342
14 966 31818689 95561 2896
398 278 36185310 78046 44567
58 48 53081488 76677 61463
933 782 75490275 32622 52199
646 512 66210010 23131 98257
86 413 98528423 48526 61188
12 769 74155955 21735 39733
263 79 22011975 48499 51530
840 414 40217558 95269 33510
134 696 92277343 48753 50570
5 189 77963945 61083 79246
838 688 8143411 80615 13478
570 575 1610276 93483 61479
669 422 70276718 47070 40890
989 486 11726274 85809 34198
317 378 86988167 53144 2516
249 724 43238118 26146 18941
215 495 3300084 37263 35668
275 265 74451538 13169 80309
305 343 65934119 3897 77215
691 928 6201859 68747 72570
847 554 84239675 4892 75881
676 875 33094324 51850 45395
180 848 4642598 52360 23271
904 542 9868498 85709 4274
143 218 77746208 35761 2533
834 364 78856181 87966 67651
546 899 9949348 9094 3424
325 167 99807860 41549 75434
694 771 91226009 31068 20472
73 588 54248663 64409 59801
451 163 76492074 98331 14315
828 882 7045028 47787 73876
734 817 53348007 56084 34653
551 22 73677122 83398 83632
34 913 9492518 85091 52220
17 130 59317471 72179 3703
177 233 71501280 77059 58938
873 454 98392905 25997 69067
280 684 81128108 7625 36938
807 959 99373485 42558 43316
339 455 76997528 75571 99240
204 376 70867018 16350 32397
810 219 32838809 46200 35234
74 506 27419997 56764 2752
614 424 64529572 30612 29079
431 551 12246105 13043 22879
107 94 18857291 68350 54149
522 942 63750124 71856 42445
249 936 80212841 76164 6176
907 656 94794969 54525 30532
89 422 36753337 85253 98393
54 358 99906705 41502 38065
105 590 14632064 37658 93636
701 243 74211940 32664 36996
493 201 28756732 29260 42985
479 932 83622974 28998 95808
724 865 52324985 5277 96002
673 66 97913615 29485 94991
174 1 87845544 85054 33641
99 629 40041670 92806 88061
620 894 20905331 25830 413
91 596 29931273 77544 64239
180 284 13585484 56350 14426
857 31 85032387 23281 75494
57 708 18412116 99461 51670
539 272 37825699 51215 51542
469 155 21512609 64518 60614
183 868 52771811 97454 28549
950 608 77648781 6349 59116
900 510 53283479 79858 65510
464 558 74303365 51433 12079
269 925 58939731 53923 93727
256 912 55711614 73869 68433
140 974 42453977 7622 10793
973 571 48382489 64499 21821
695 246 63361907 96014 72643
970 763 52509585 44680 63837
308 444 66526995 82228 31903
658 506 15744604 30508 10511
871 679 82687523 94607 63061
514 556 98743098 62691 85202
491 20 24383140 55008 10157
475 175 32538314 11039 42824
719 768 92718521 75696 33250
881 526 26734029 16822 4502
171 926 10862359 83415 15182
856 599 19776826 79754 78739
96 172 60281210 32510 26729
790 617 68646421 69744 93203
121 607 48986765 52971 22187
749 259 19911398 87153 2719
37 438 6568763 97939 62891
657 328 47549987 1625 20003
859 68 31074857 82663 61187
915 885 24531304 95821 45230
889 465 58522137 1168 72844
416 119 59625642 469 93946
692 272 75373734 65834 28372
536 61 67742728 92289 46664
369 918 1157304 92924 69342
822 858 11057690 70500 55167
521 314 16141493 31973 67107
524 608 76031494 16387 49437
765 301 83886562 67981 32847
539 838 24297689 1949 60748
539 227 91994102 93600 48863
698 517 28523355 946 29295
667 156 22557761 87763 60573
647 70 21854565 78000 62908
71 658 51965944 94753 2086
729 399 68724630 7309 75805
51 643 50077491 53009 73826
275 239 75994312 96010 16621
379 97 93456240 80292 73021
795 574 36169015 16134 88638
902 759 36179213 49623 65869
289 144 30813313 34745 13954
217 556 5118374 41736 71159
880 602 46497205 81543 32213
377 139 65359239 2550 23369
979 944 98106386 6697 19526
424 538 46327715 62591 50256
792 711 56940488 15710 62561
926 984 72317358 18756 86014
130 744 4787845 64970 5954
920 172 8804642 30455 67160
205 975 3955967 49180 64094
406 58 63033700 21459 62971
395 797 87903695 78008 70249
421 644 7830900 38075 43769
407 274 23135103 73790 87941
773 36 55431633 58818 24619
399 807 30183561 48964 78129
450 834 67667459 8663 98072
567 208 9560867 6253 2579
335 557 84593943 62676 59987
211 254 65197372 32892 52318
125 453 99259587 39923 6192
293 553 74012728 31841 49386
629 754 69388734 13689 90697
379 530 98861501 95821 81765
424 818 44449589 38027 70724
239 176 23814677 28360 4065
552 943 78783661 24144 69598
16 769 33189270 32234 76544
385 219 56332209 22064 16264
400 21 42327014 328 4487
190 202 60034963 23173 56655
551 339 98992351 14836 85129
788 525 1883897 26346 99859
711 219 64161269 12107 55669
788 415 8366441 58711 63927
126 866 48778429 27602 31148
667 501 44413853 32559 56593
16 553 93582422 48178 32848
804 144 7862276 44541 46552
737 700 53309033 20633 15697
403 438 97506347 92675 30807
863 561 54416229 84228 78798
537 2 37015247 43613 63321
147 566 40311686 5399 13599
391 458 33191107 85734 60716
198 144 76737996 65273 34228
57 421 46086381 53551 82843
999 383 19007999 99240 67994
935 637 64870463 38262 2788
594 732 65312430 6197 15305
756 496 38436908 28832 18637
948 399 13915169 54138 3052
549 397 76094562 16279 46811
594 86 49714076 77690 13382
701 831 51314784 482 35672
974 145 77476575 36098 28158
544 408 92030387 35690 11251
256 156 81311088 62964 65938
665 548 28594905 9732 83122
316 599 46876770 65822 26100
285 692 97347859 28256 85400
902 838 75227975 25914 94714
848 843 77715635 47376 85117
930 25 72908731 46632 59120
985 848 97669723 34486 27737
317 337 54809991 28521 91586
671 786 18300538 14089 5575
619 590 37503604 2262 15926
507 788 76203760 93433 79518
455 345 13285981 56124 20762
119 768 45725529 72585 10673
440 558 85558369 91193 35134
373 103 65759320 21881 86644
394 454 18175376 6744 78456
802 464 85242263 62565 18050
31 130 31560610 73154 77299
149 796 16534528 71711 7856
394 816 52997528 94736 31669
579 191 39226112 99876 34369
909 698 2977024 48128 67691
403 155 56116788 94933 95930
990 837 65408004 86918 86378
762 166 7947416 50890 9305
438 312 37915088 99560 86950
948 255 4849164 83184 68873
597 215 53516929 5576 43105
191 328 93765708 84737 25699
378 734 78222414 1164 22171
68 706 87593418 27749 69281
140 375 83587784 69575 69490
854 295 65096799 29863 94468
781 826 73618478 79368 40516
131 160 81664391 3056 54400
824 949 46026850 6951 52240
196 299 97571511 16532 77735
342 475 10023668 6019 86173
71 883 39383999 44006 35074
33 726 35348974 64107 77159
678 486 81212914 7600 2834
434 144 80803707 176 9623
422 236 95630118 37149 49133
268 577 52004533 97887 66075
847 88 42287583 4141 60214
732 683 6103195 67651 30708
349 727 10709200 25250 43894
588 308 43546902 31034 91597
659 177 64510394 3530 78261
2 385 67246706 3950 43476
175 584 19103580 38364 88218
2 681 28251461 82141 29411
391 952 83525462 89022 93259
130 349 71361036 62515 83362
221 320 21938607 2804 68021
287 31 28445093 11320 7163
582 11 84350130 6607 48410
163 422 86305999 65642 96248
396 412 77926495 90206 66932
172 320 27120590 23080 70250
310 974 86243608 61978 87945
308 627 63398323 30120 58296
108 799 87513681 64767 5507
939 58 24914498 37512 41353
166 942 12804336 75539 64016
307 116 95554837 82415 15220
393 463 73781826 87566 97385
724 623 84209279 37805 89869
789 909 42141021 7059 90753
613 751 58040335 99453 16587
709 167 7933091 63408 55149
773 55 4664245 58251 76175
186 536 57369635 60494 4080
271 179 52772820 73508 91764
31 825 84739421 46964 37032
76 170 67196462 59013 66779
451 792 45579816 89447 7256
636 809 32109833 53608 86608
535 794 58623318 88151 44318
94 930 41857246 52671 69095
55 341 79278872 655 5421
275 358 78105669 18885 40648
694 830 54617528 91234 91763
619 911 89386115 34530 99639
891 364 78289658 32833 15671
740 632 59990364 24057 28235
799 587 30175278 29612 22521
506 566 6889585 16391 51052
542 511 12191661 15575 40915
694 781 63636337 58181 97474
530 289 19620871 21538 43767
567 916 31609742 28103 61890
221 173 1641757 51634 242
557 556 7373223 39691 77221
573 404 52332201 39249 6703
779 765 56852973 61447 58888
617 240 79108371 70565 73788
139 6 73851758 81079 56473
56 324 93361471 85276 68678
168 680 7956887 56101 45905
666 435 3070288 44241 46707
11 594 30163096 82594 91592
268 297 9247364 72584 71747
621 377 63067160 51729 65021
872 332 55754489 2862 22087
786 291 5718335 69891 63834
648 883 16407052 66667 38321
694 305 64963219 35954 91287
389 679 75266378 19940 67832
792 727 17519636 10322 81755
981 752 90974085 60852 45921
46 600 78142394 81806 22309
733 678 97209815 41161 5123
316 315 49273658 5564 9499
240 783 86883041 62399 33253
272 32 86933246 24765 98543
128 533 37859679 78378 91410
362 912 11912173 3483 90451
931 590 5644807 88216 84952
569 461 6760500 38322 74041
523 497 83019879 1678 26406
142 33 28931383 89387 16311
989 132 46729958 37016 65757
874 295 27282505 8090 18635
761 910 64462291 51745 70160
46 891 67261977 16488 50257
532 625 96456850 56918 57768
938 62 65899664 9940 60867
805 33 52193296 29765 66065
598 62 89116382 95334 18088
74 989 42790597 75899 92317
873 964 29676030 71004 90110
875 829 3520943 90614 62794
573 739 50822153 86483 14024
658 593 51336663 24462 97351
917 653 11050185 51463 48106
69 389 80520322 78666 11998
412 799 25272007 58748 3674
682 827 69991064 35178 48915
285 266 76492646 58438 53856
991 770 58609808 79086 54893
77 475 84972750 40308 23680
542 369 75852152 76904 34631
968 356 19319445 9106 31324
959 639 20814002 33313 34302
895 505 56222344 78935 35093
221 823 7604195 8219 30972
856 475 32423714 46005 67418
575 843 7582153 25985 68756
433 324 4607205 31036 42663
616 244 84471660 88280 92826
563 303 77014682 50723 61259
687 84 71410776 29838 23320
318 283 25056374 12355 66815